00100000000001010000000000000001
00001100000000000000000111111101
00100000000010110000000000000011
00100000000011000000000000000100
00100000000110000000000000001000
00100000000011100000000000000110
00100000000110010000000000001001
00100000000100010000000000000001
00001000000000000000001000000100
00100000000001100000000000000010
00100000000001100000000000000010
00100000000001100000000000000010
00100000000001100000000000000010
00100000000001100000000000000010
00100000000001100000000000000010
00000011111000000000000000001000
00100000000100100000000000000010
